38
MAWE       0.0000000 0.4800693 0.7866756 0.8798163 0.8474739 0.7850657 0.7086792 0.6096512 0.7421188 1.0015436 0.9329597 0.8641652 0.8413963 0.7715504 0.8689849 0.7689695 0.6539814 0.8112369 1.1118886 0.7419959 0.8553249 0.9648840 0.7416441 0.8142178 0.7418758 0.7567774 1.4465275 0.7632832 1.2268701 0.7490723 0.8354502 0.9154536 0.8520930 0.7905614 0.8947277 1.1542216 0.9294290 1.1240239 
AWETI      0.4800693 0.0000000 0.3677687 0.4313557 0.2442342 0.3913692 0.3212474 0.1993693 0.3793180 0.3670343 0.4104685 0.4511360 0.4079037 0.4175597 0.4341773 0.4391746 0.3478389 0.3839090 0.6497939 0.2971918 0.4446600 0.4842023 0.4433509 0.4245209 0.3152081 0.4108262 0.8166047 0.4175597 0.5832228 0.3579018 0.3964520 0.4004988 0.4789197 0.3871902 0.3381389 0.5311449 0.3719878 0.4832330 
ASU        0.7866756 0.3677687 0.0000000 0.1479404 0.1221321 0.1189200 0.1897069 0.1442163 0.2624678 0.2593967 0.3002177 0.3039235 0.2884278 0.2163457 0.1754999 0.3302811 0.2499728 0.3474790 0.4674514 0.2088976 0.2589522 0.3017121 0.2459510 0.3332650 0.1913437 0.3496810 0.6897115 0.3035811 0.4927468 0.2900337 0.2677378 0.3166963 0.3017121 0.2680804 0.2995330 0.4079037 0.3267883 0.4004988 
PAK        0.8798163 0.4313557 0.1479404 0.0000000 0.1748755 0.1990063 0.2897433 0.1901240 0.3618287 0.3317550 0.3746326 0.3830131 0.3818016 0.3227609 0.2569588 0.4093321 0.3397919 0.4601787 0.5589163 0.3181988 0.4161520 0.3898884 0.3351117 0.4415006 0.2982902 0.4484702 0.9245887 0.3665699 0.6814738 0.4455112 0.3702888 0.4658584 0.4515637 0.3712535 0.4641837 0.5311449 0.4595952 0.5517979 
SUR        0.8474739 0.2442342 0.1221321 0.1748755 0.0000000 0.1024631 0.1479966 0.1296290 0.2479676 0.1987967 0.2030737 0.2012043 0.2325210 0.1500066 0.1388578 0.2187294 0.1702391 0.2931823 0.4013848 0.1960047 0.2381589 0.2262084 0.2106750 0.2470371 0.1344863 0.2374933 0.6643218 0.2715054 0.5116608 0.2336689 0.1901240 0.2336689 0.2503778 0.1748755 0.2638486 0.4317217 0.2705123 0.3630480 
TAP        0.7850657 0.3913692 0.1189200 0.1990063 0.1024631 0.0000000 0.1612807 0.1091419 0.2382861 0.2201514 0.2287321 0.2125819 0.2778755 0.2221246 0.1469914 0.2943629 0.1830410 0.3321388 0.3809883 0.1686366 0.2484200 0.2467480 0.2048183 0.2351465 0.1416538 0.2553428 0.7449913 0.2630973 0.4945627 0.2450985 0.1877307 0.2382861 0.2536221 0.1872430 0.3099135 0.4112999 0.2675195 0.3314854 
TEM        0.7086792 0.3212474 0.1897069 0.2897433 0.1479966 0.1612807 0.0000000 0.1274532 0.1001054 0.1853972 0.2104498 0.2243372 0.2188712 0.2346584 0.1629259 0.2761991 0.2054065 0.2661829 0.3078408 0.1475894 0.2262084 0.2286916 0.2094167 0.2153030 0.0964220 0.2075399 0.6764376 0.1735378 0.4231978 0.1904521 0.1694812 0.2202316 0.1904521 0.1140853 0.2698440 0.3485670 0.2217479 0.3147530 
API        0.6096512 0.1993693 0.1442163 0.1901240 0.1296290 0.1091419 0.1274532 0.0000000 0.1686366 0.1005858 0.1259893 0.1144267 0.1461392 0.1423435 0.1336666 0.2003438 0.1336666 0.2763098 0.3802097 0.1522296 0.2106750 0.2621021 0.1787338 0.2247016 0.1118609 0.2952688 0.6833122 0.2382861 0.4962147 0.2106750 0.1831213 0.2422016 0.2291108 0.1749911 0.2729459 0.3591484 0.2838264 0.3759559 
GJJ        0.7421188 0.3793180 0.2624678 0.3618287 0.2479676 0.2382861 0.1001054 0.1686366 0.0000000 0.2761991 0.2892807 0.2967048 0.2800140 0.3209911 0.2585171 0.3493506 0.2822605 0.2680804 0.3726290 0.2510286 0.3296931 0.2880542 0.2679068 0.3009505 0.2073119 0.2870978 0.8088004 0.2651106 0.5596973 0.2610726 0.2948652 0.3260459 0.2847348 0.2179290 0.3147530 0.4120719 0.3443623 0.4063885 
AMD        1.0015436 0.3670343 0.2593967 0.3317550 0.1987967 0.2201514 0.1853972 0.1005858 0.2761991 0.0000000 0.0634246 0.0596393 0.0521569 0.1987220 0.2002509 0.3503411 0.2645634 0.3886915 0.4665051 0.1884083 0.3077173 0.3150107 0.2722983 0.2704254 0.1881891 0.3366842 0.8381785 0.2668124 0.4397268 0.2706692 0.2387169 0.2812630 0.2656189 0.1938312 0.2586779 0.3734157 0.3093168 0.3418188 
TEH        0.9329597 0.4104685 0.3002177 0.3746326 0.2030737 0.2287321 0.2104498 0.1259893 0.2892807 0.0634246 0.0000000 0.0246573 0.0946268 0.2174157 0.2292838 0.3443623 0.2588559 0.3565337 0.4381487 0.2179290 0.3209911 0.3467885 0.3044814 0.3008047 0.1983054 0.4047848 0.8448150 0.3030566 0.5090935 0.2751531 0.2716387 0.3443623 0.3098194 0.2356500 0.3349917 0.4818767 0.3955832 0.3908650 
PAT        0.8641652 0.4511360 0.3039235 0.3830131 0.2012043 0.2125819 0.2243372 0.1144267 0.2967048 0.0596393 0.0246573 0.0000000 0.0846647 0.2225838 0.2166080 0.3317550 0.2632367 0.3720786 0.4133652 0.2185441 0.3401143 0.3552665 0.2857030 0.3302260 0.2063182 0.3556762 0.8088004 0.2843538 0.5191688 0.2761207 0.2729459 0.3380298 0.3171766 0.2346940 0.3109378 0.5015588 0.3470011 0.3863605 
UWW        0.8413963 0.4079037 0.2884278 0.3818016 0.2325210 0.2778755 0.2188712 0.1461392 0.2800140 0.0521569 0.0946268 0.0846647 0.0000000 0.2385757 0.2262084 0.3841097 0.3030566 0.4214656 0.5087530 0.2145164 0.3317550 0.3393129 0.3063868 0.3044814 0.2453575 0.3788559 0.8760350 0.3198273 0.4945627 0.2962495 0.2851259 0.3320135 0.3106032 0.2346166 0.2553428 0.3957117 0.3841097 0.4483007 
KAB        0.7715504 0.4175597 0.2163457 0.3227609 0.1500066 0.2221246 0.2346584 0.1423435 0.3209911 0.1987220 0.2174157 0.2225838 0.2385757 0.0000000 0.2499728 0.3309101 0.2921742 0.4119568 0.4415006 0.1867234 0.2912183 0.4461090 0.2441078 0.3290260 0.2682138 0.4175597 0.8415290 0.3417639 0.5589163 0.3635695 0.3125161 0.4145138 0.3514561 0.3001110 0.3200474 0.4565272 0.3789830 0.4065368 
ASX        0.8689849 0.4341773 0.1754999 0.2569588 0.1388578 0.1469914 0.1629259 0.1336666 0.2585171 0.2002509 0.2292838 0.2166080 0.2262084 0.2499728 0.0000000 0.2230304 0.1656300 0.2851788 0.3982166 0.1742614 0.2241367 0.2473723 0.1980149 0.2570873 0.1520786 0.2751531 0.6901727 0.2501150 0.4530000 0.2337254 0.1960047 0.2894481 0.2490787 0.2117319 0.2522461 0.3572961 0.3161062 0.3467406 
ARW        0.7689695 0.4391746 0.3302811 0.4093321 0.2187294 0.2943629 0.2761991 0.2003438 0.3493506 0.3503411 0.3443623 0.3317550 0.3841097 0.3309101 0.2230304 0.0000000 0.2324447 0.4175597 0.3938247 0.2207387 0.2890975 0.3223216 0.1842522 0.3470602 0.2586779 0.3317550 0.8175194 0.3751008 0.5603125 0.3850788 0.3670343 0.4962147 0.3859576 0.3495662 0.3601154 0.4402231 0.4272497 0.5170324 
KAY        0.6539814 0.3478389 0.2499728 0.3397919 0.1702391 0.1830410 0.2054065 0.1336666 0.2822605 0.2645634 0.2588559 0.2632367 0.3030566 0.2921742 0.1656300 0.2324447 0.0000000 0.3415841 0.4355360 0.1574099 0.2431167 0.3044814 0.2131303 0.2962495 0.1732231 0.3104675 0.7751330 0.3084459 0.5143819 0.2771018 0.2433941 0.3097366 0.2950064 0.2398878 0.2428262 0.4349505 0.3233370 0.3853334 
GUJ        0.8112369 0.3839090 0.3474790 0.4601787 0.2931823 0.3321388 0.2661829 0.2763098 0.2680804 0.3886915 0.3565337 0.3720786 0.4214656 0.4119568 0.2851788 0.4175597 0.3415841 0.0000000 0.4705235 0.2744020 0.3579784 0.3551687 0.3926995 0.3415185 0.2879723 0.3952297 0.7105211 0.3864771 0.5721735 0.3137680 0.3549316 0.4141652 0.3685522 0.3389741 0.2952688 0.5136224 0.3791345 0.5361945 
EME        1.1118886 0.6497939 0.4674514 0.5589163 0.4013848 0.3809883 0.3078408 0.3802097 0.3726290 0.4665051 0.4381487 0.4133652 0.5087530 0.4415006 0.3982166 0.3938247 0.4355360 0.4705235 0.0000000 0.2233791 0.2717495 0.4302618 0.3057914 0.4145138 0.3321388 0.4464177 1.0806067 0.4315976 0.7416441 0.4730343 0.4367349 0.5199398 0.4202742 0.3822970 0.5468712 0.6464255 0.4326559 0.5935940 
WYJ        0.7419959 0.2971918 0.2088976 0.3181988 0.1960047 0.1686366 0.1475894 0.1522296 0.2510286 0.1884083 0.2179290 0.2185441 0.2145164 0.1867234 0.1742614 0.2207387 0.1574099 0.2744020 0.2233791 0.0000000 0.0794789 0.2271676 0.1324250 0.1259893 0.1269327 0.2441078 0.6219383 0.2199411 0.4352384 0.2641326 0.2014268 0.2489260 0.2014268 0.1604809 0.3624857 0.3392048 0.2207387 0.3821063 
WYA        0.8553249 0.4446600 0.2589522 0.4161520 0.2381589 0.2484200 0.2262084 0.2106750 0.3296931 0.3077173 0.3209911 0.3401143 0.3317550 0.2912183 0.2241367 0.2890975 0.2431167 0.3579784 0.2717495 0.0794789 0.0000000 0.2854059 0.2161713 0.2283190 0.1833088 0.2878444 0.8502339 0.3140151 0.5311449 0.3176406 0.2889791 0.3443623 0.3017965 0.2464779 0.3749993 0.4658584 0.2643122 0.4516581 
URB        0.9648840 0.4842023 0.3017121 0.3898884 0.2262084 0.2467480 0.2286916 0.2621021 0.2880542 0.3150107 0.3467885 0.3552665 0.3393129 0.4461090 0.2473723 0.3223216 0.3044814 0.3551687 0.4302618 0.2271676 0.2854059 0.0000000 0.2638486 0.3166963 0.2106093 0.2110215 1.0243199 0.3635695 0.6643218 0.3443623 0.3237860 0.3679773 0.3380298 0.3021518 0.4204506 0.4577854 0.3520606 0.5074094 
ANA        0.7416441 0.4433509 0.2459510 0.3351117 0.2106750 0.2048183 0.2094167 0.1787338 0.2679068 0.2722983 0.3044814 0.2857030 0.3063868 0.2441078 0.1980149 0.1842522 0.2131303 0.3926995 0.3057914 0.1324250 0.2161713 0.2638486 0.0000000 0.2233791 0.1968832 0.2881530 0.8088004 0.2204108 0.4698969 0.2809272 0.2511654 0.3413017 0.2857030 0.1982124 0.3068477 0.4071507 0.2874955 0.3974080 
AVC        0.8142178 0.4245209 0.3332650 0.4415006 0.2470371 0.2351465 0.2153030 0.2247016 0.3009505 0.2704254 0.3008047 0.3302260 0.3044814 0.3290260 0.2570873 0.3470602 0.2962495 0.3415185 0.4145138 0.1259893 0.2283190 0.3166963 0.2233791 0.0000000 0.2248593 0.3276587 0.7238455 0.3166963 0.5136224 0.3235888 0.2601343 0.3880534 0.3104675 0.2653583 0.2913031 0.4297774 0.2943021 0.4674514 
TUP        0.7418758 0.3152081 0.1913437 0.2982902 0.1344863 0.1416538 0.0964220 0.1118609 0.2073119 0.1881891 0.1983054 0.2063182 0.2453575 0.2682138 0.1520786 0.2586779 0.1732231 0.2879723 0.3321388 0.1269327 0.1833088 0.2106093 0.1968832 0.2248593 0.0000000 0.1642876 0.7750315 0.2102377 0.4189334 0.1856466 0.1769674 0.2082662 0.2041169 0.1173428 0.2412145 0.3443623 0.1992557 0.3072150 
NHE        0.7567774 0.4108262 0.3496810 0.4484702 0.2374933 0.2553428 0.2075399 0.2952688 0.2870978 0.3366842 0.4047848 0.3556762 0.3788559 0.4175597 0.2751531 0.3317550 0.3104675 0.3952297 0.4464177 0.2441078 0.2878444 0.2110215 0.2881530 0.3276587 0.1642876 0.0000000 0.8786754 0.3371443 0.6571580 0.3274068 0.2804489 0.3660804 0.3294333 0.2708701 0.3811883 0.3983997 0.3314854 0.4233823 
YUK        1.4465275 0.8166047 0.6897115 0.9245887 0.6643218 0.7449913 0.6764376 0.6833122 0.8088004 0.8381785 0.8448150 0.8088004 0.8760350 0.8415290 0.6901727 0.8175194 0.7751330 0.7105211 1.0806067 0.6219383 0.8502339 1.0243199 0.8088004 0.7238455 0.7750315 0.8786754 0.0000000 0.5512260 0.4375556 0.5725805 0.6005692 0.6905494 0.6016949 0.5589163 0.3979986 0.7319300 0.6039657 0.7393199 
GUY        0.7632832 0.4175597 0.3035811 0.3665699 0.2715054 0.2630973 0.1735378 0.2382861 0.2651106 0.2668124 0.3030566 0.2843538 0.3198273 0.3417639 0.2501150 0.3751008 0.3084459 0.3864771 0.4315976 0.2199411 0.3140151 0.3635695 0.2204108 0.3166963 0.2102377 0.3371443 0.5512260 0.0000000 0.3419219 0.1934881 0.1515278 0.2227767 0.1647858 0.1383758 0.2520933 0.4361623 0.2059777 0.2520111 
SIR        1.2268701 0.5832228 0.4927468 0.6814738 0.5116608 0.4945627 0.4231978 0.4962147 0.5596973 0.4397268 0.5090935 0.5191688 0.4945627 0.5589163 0.4530000 0.5603125 0.5143819 0.5721735 0.7416441 0.4352384 0.5311449 0.6643218 0.4698969 0.5136224 0.4189334 0.6571580 0.4375556 0.3419219 0.0000000 0.3804978 0.3595479 0.4106161 0.3915886 0.2995330 0.3274068 0.5155112 0.3691053 0.5028965 
WAR        0.7490723 0.3579018 0.2900337 0.4455112 0.2336689 0.2450985 0.1904521 0.2106750 0.2610726 0.2706692 0.2751531 0.2761207 0.2962495 0.3635695 0.2337254 0.3850788 0.2771018 0.3137680 0.4730343 0.2641326 0.3176406 0.3443623 0.2809272 0.3235888 0.1856466 0.3274068 0.5725805 0.1934881 0.3804978 0.0000000 0.2402108 0.2483834 0.2638486 0.1739976 0.2761207 0.4148806 0.2450985 0.3335635 
CHI        0.8354502 0.3964520 0.2677378 0.3702888 0.1901240 0.1877307 0.1694812 0.1831213 0.2948652 0.2387169 0.2716387 0.2729459 0.2851259 0.3125161 0.1960047 0.3670343 0.2433941 0.3549316 0.4367349 0.2014268 0.2889791 0.3237860 0.2511654 0.2601343 0.1769674 0.2804489 0.6005692 0.1515278 0.3595479 0.2402108 0.0000000 0.2104188 0.1520252 0.1118609 0.1668696 0.3612176 0.1802227 0.1867234 
MBY        0.9154536 0.4004988 0.3166963 0.4658584 0.2336689 0.2382861 0.2202316 0.2422016 0.3260459 0.2812630 0.3443623 0.3380298 0.3320135 0.4145138 0.2894481 0.4962147 0.3097366 0.4141652 0.5199398 0.2489260 0.3443623 0.3679773 0.3413017 0.3880534 0.2082662 0.3660804 0.6905494 0.2227767 0.4106161 0.2483834 0.2104188 0.0000000 0.1577791 0.1297732 0.2439127 0.4475677 0.1442163 0.3109378 
GUP        0.8520930 0.4789197 0.3017121 0.4515637 0.2503778 0.2536221 0.1904521 0.2291108 0.2847348 0.2656189 0.3098194 0.3171766 0.3106032 0.3514561 0.2490787 0.3859576 0.2950064 0.3685522 0.4202742 0.2014268 0.3017965 0.3380298 0.2857030 0.3104675 0.2041169 0.3294333 0.6016949 0.1647858 0.3915886 0.2638486 0.1520252 0.1577791 0.0000000 0.0971593 0.2163457 0.4595952 0.1373053 0.2598093 
GAN        0.7905614 0.3871902 0.2680804 0.3712535 0.1748755 0.1872430 0.1140853 0.1749911 0.2179290 0.1938312 0.2356500 0.2346940 0.2346166 0.3001110 0.2117319 0.3495662 0.2398878 0.3389741 0.3822970 0.1604809 0.2464779 0.3021518 0.1982124 0.2653583 0.1173428 0.2708701 0.5589163 0.1383758 0.2995330 0.1739976 0.1118609 0.1297732 0.0971593 0.0000000 0.1579355 0.3487191 0.1078305 0.2183495 
GUK        0.8947277 0.3381389 0.2995330 0.4641837 0.2638486 0.3099135 0.2698440 0.2729459 0.3147530 0.2586779 0.3349917 0.3109378 0.2553428 0.3200474 0.2522461 0.3601154 0.2428262 0.2952688 0.5468712 0.3624857 0.3749993 0.4204506 0.3068477 0.2913031 0.2412145 0.3811883 0.3979986 0.2520933 0.3274068 0.2761207 0.1668696 0.2439127 0.2163457 0.1579355 0.0000000 0.3314854 0.2382861 0.3044814 
XET        1.1542216 0.5311449 0.4079037 0.5311449 0.4317217 0.4112999 0.3485670 0.3591484 0.4120719 0.3734157 0.4818767 0.5015588 0.3957117 0.4565272 0.3572961 0.4402231 0.4349505 0.5136224 0.6464255 0.3392048 0.4658584 0.4577854 0.4071507 0.4297774 0.3443623 0.3983997 0.7319300 0.4361623 0.5155112 0.4148806 0.3612176 0.4475677 0.4595952 0.3487191 0.3314854 0.0000000 0.4804413 0.5155112 
KAW        0.9294290 0.3719878 0.3267883 0.4595952 0.2705123 0.2675195 0.2217479 0.2838264 0.3443623 0.3093168 0.3955832 0.3470011 0.3841097 0.3789830 0.3161062 0.4272497 0.3233370 0.3791345 0.4326559 0.2207387 0.2643122 0.3520606 0.2874955 0.2943021 0.1992557 0.3314854 0.6039657 0.2059777 0.3691053 0.2450985 0.1802227 0.1442163 0.1373053 0.1078305 0.2382861 0.4804413 0.0000000 0.3114646 
TPT        1.1240239 0.4832330 0.4004988 0.5517979 0.3630480 0.3314854 0.3147530 0.3759559 0.4063885 0.3418188 0.3908650 0.3863605 0.4483007 0.4065368 0.3467406 0.5170324 0.3853334 0.5361945 0.5935940 0.3821063 0.4516581 0.5074094 0.3974080 0.4674514 0.3072150 0.4233823 0.7393199 0.2520111 0.5028965 0.3335635 0.1867234 0.3109378 0.2598093 0.2183495 0.3044814 0.5155112 0.3114646 0.0000000 
